   1.3703443e-04
   1.4757855e-04
   1.6788617e-04
   1.9678766e-04
   1.9678766e-04
   1.9678766e-04
   1.9678766e-04
   2.2704448e-04
   2.2704448e-04
   2.5379885e-04
   2.5379885e-04
   2.8133285e-04
   2.8133285e-04
   2.9633184e-04
   3.1204980e-04
   3.1379768e-04
   3.2370489e-04
   3.3262552e-04
   3.6355555e-04
   3.6355555e-04
   4.0088960e-04
   4.1340009e-04
   4.1340009e-04
   4.1340009e-04
   4.1340009e-04
   4.1340009e-04
   4.2685086e-04
   4.7041952e-04
   5.1688161e-04
   5.9621178e-04
   5.9621178e-04
   5.9621178e-04
   5.9621178e-04
   6.0045451e-04
   6.0045451e-04
   6.0045451e-04
   6.4419413e-04
   6.4419413e-04
   7.1331781e-04
   7.3828364e-04
   7.8674129e-04
   7.8674129e-04
   7.8814385e-04
   8.2159631e-04
   8.5994843e-04
   8.5994843e-04
   8.9537623e-04
   9.5522303e-04
   1.0670220e-03
   1.0670220e-03
   1.0670220e-03
   1.1022119e-03
   1.2247300e-03
   1.2420299e-03
   1.3333322e-03
   1.4851700e-03
   1.6620532e-03
   1.6934179e-03
   1.6934179e-03
   1.6934179e-03
   1.8749881e-03
   2.3203732e-03
   2.3203732e-03
   2.3203732e-03
   2.4290795e-03
   2.4290795e-03
   2.4470570e-03
   2.4470570e-03
   2.4470570e-03
   2.4470570e-03
   2.5759792e-03
   2.8100274e-03
   2.8100274e-03
   2.8100274e-03
   2.8432642e-03
   2.8432642e-03
   2.8481917e-03
   2.9714038e-03
   2.9714038e-03
   3.3753337e-03
   3.4245479e-03
   3.6297710e-03
   3.7749801e-03
   3.7749801e-03
   3.7749801e-03
   3.9540460e-03
   4.3981735e-03
   4.5269546e-03
   4.7363168e-03
   4.7363168e-03
   4.7363168e-03
   4.9185437e-03
   5.6959349e-03
   5.6959349e-03
   5.6959349e-03
   5.6959349e-03
   5.6959349e-03
   5.6959349e-03
   6.6433141e-03
   6.6433141e-03
   6.6680010e-03
   6.7090448e-03
   6.7090448e-03
   7.3618344e-03
   7.3618344e-03
   7.7470482e-03
   7.7470482e-03
   7.7470482e-03
   7.7470482e-03
   8.7092282e-03
   8.7092282e-03
   9.7062478e-03
   9.7062478e-03
   9.7062478e-03
   1.0250978e-02
   1.0250978e-02
   1.0413430e-02
   1.1132562e-02
   1.2183622e-02
   1.3369622e-02
   1.5296378e-02
   1.5296378e-02
   1.5296378e-02
   1.6734243e-02
   1.9764299e-02
   1.9764299e-02
   2.1885509e-02
   2.1885509e-02
   2.1885509e-02
   2.2247237e-02
   2.2247237e-02
   2.4113534e-02
   2.5401163e-02
   2.8767678e-02
   3.3801353e-02
   3.3801353e-02
   3.3801353e-02
   3.3801353e-02
   3.3801353e-02
   3.3801353e-02
   3.3801353e-02
   3.5667097e-02
   3.5667097e-02
   3.6537813e-02
   3.8638058e-02
   3.8638058e-02
   4.1436731e-02
   4.5459562e-02
   5.0073444e-02
   5.0073444e-02
   5.0073444e-02
   5.0073444e-02
   5.0073444e-02
   5.0073444e-02
   5.9928230e-02
   5.9928230e-02
   5.9928230e-02
   6.0193970e-02
   6.0193970e-02
   6.4976341e-02
   6.7584262e-02
   6.7584262e-02
   6.7584262e-02
   7.3285967e-02
   7.7421034e-02
   8.5267351e-02
   8.5267351e-02
   8.6164945e-02
   9.2324686e-02
   9.2324686e-02
   9.7051755e-02
   9.7051755e-02
   1.0235451e-01
   1.0235451e-01
   1.0235451e-01
   1.1065928e-01
   1.2007187e-01
   1.2007187e-01
   1.2007187e-01
   1.2007187e-01
   1.2294248e-01
   1.2294248e-01
   1.4364696e-01
   1.4364696e-01
   1.4598579e-01
   1.4598579e-01
   1.5254226e-01
   1.5254226e-01
   1.5746176e-01
   1.5746176e-01
   1.5746176e-01
   1.6221881e-01
   1.6400747e-01
   1.6599392e-01
   1.6599392e-01
   1.6787597e-01
   1.7643347e-01
   1.7643347e-01
   1.8950352e-01
   1.9883454e-01
   1.9883454e-01
   2.1104892e-01
   2.1104892e-01
   2.1104892e-01
   2.1104892e-01
   2.1104892e-01
   2.1104892e-01
   2.1104892e-01
   2.1104892e-01
   2.1104892e-01
   2.1104892e-01
   2.1198091e-01
   2.1198091e-01
   2.1413617e-01
   2.2251062e-01
   2.3974372e-01
   2.3974372e-01
   2.3974372e-01
   2.3974372e-01
   2.5299613e-01
   2.5299613e-01
   2.5299613e-01
   2.5529582e-01
   2.6283055e-01
   2.6338172e-01
   2.6639194e-01
   2.6639194e-01
   2.6639194e-01
   2.7678171e-01
   3.1437291e-01
   3.1437291e-01
   3.1437291e-01
   3.1437291e-01
   3.1437291e-01
   3.1437291e-01
   3.1437291e-01
   3.1437159e-01
   3.1437159e-01
   3.2208621e-01
   3.3509695e-01
   3.8779260e-01
   4.0032269e-01
   4.0221836e-01
   4.0591693e-01
   4.5903273e-01
   4.5903273e-01
   4.5903273e-01
   4.5903273e-01
   4.8644291e-01
   4.8644291e-01
   4.8644291e-01
   4.8644291e-01
   4.8913968e-01
   4.9779295e-01
   4.9779295e-01
   5.3763625e-01
   5.5364342e-01
   5.5364342e-01
   5.5460764e-01
   5.5460764e-01
   5.6696105e-01
   5.7114100e-01
   6.0327727e-01
   6.0327727e-01
   6.0327727e-01
   6.0599218e-01
   6.0599218e-01
   6.0599218e-01
   6.0599218e-01
   6.1299002e-01
   6.1299002e-01
   6.1299002e-01
   6.1299002e-01
   6.1572532e-01
   6.1572532e-01
   6.1994908e-01
   6.9266185e-01
   6.9266185e-01
   6.9266185e-01
   6.9266185e-01
   6.9266185e-01
   6.9266185e-01
   6.9266185e-01
   6.9266185e-01
   6.9266185e-01
   6.9266185e-01
   6.9266185e-01
   7.1756006e-01
   7.1756006e-01
   7.1756006e-01
   7.1756006e-01
   7.1968807e-01
   7.1968807e-01
   7.1968807e-01
   7.2854361e-01
   7.2854361e-01
   7.2854361e-01
   7.2854361e-01
   7.4392798e-01
   7.4392798e-01
   7.5263033e-01
   7.5427081e-01
   7.5427081e-01
   7.5427081e-01
   7.5427081e-01
   7.5427081e-01
   7.5427081e-01
   7.5427081e-01
   7.5427081e-01
   7.5427081e-01
   7.5427081e-01
   7.7801460e-01
   7.7801460e-01
   7.8215019e-01
   7.8215019e-01
   7.8215019e-01
   7.8215019e-01
   7.8215019e-01
   7.8215019e-01
   7.8215019e-01
   7.8215019e-01
   7.8215019e-01
   7.8215019e-01
   7.8215019e-01
   7.9122875e-01
   7.9122875e-01
   8.0185802e-01
   8.0185802e-01
   8.0185802e-01
   8.0185802e-01
   8.0185802e-01
   8.0185802e-01
   8.2091333e-01
   8.2091333e-01
   8.2091333e-01
   8.2091333e-01
   8.2091333e-01
   8.2091333e-01
   8.2091333e-01
   8.2009149e-01
   8.3804199e-01
   8.3804199e-01
   8.3804199e-01
   8.3804199e-01
   8.4613142e-01
   8.6420714e-01
   8.6420714e-01
   8.6420714e-01
   8.6834340e-01
   8.6834340e-01
   8.6834340e-01
   8.6834340e-01
   8.7478878e-01
   8.7478878e-01
   8.8755012e-01
   9.0565309e-01
   9.0565309e-01
   9.0565309e-01
   9.0565309e-01
   9.0565309e-01
   9.0565309e-01
   9.1019232e-01
   9.1019232e-01
   9.1019232e-01
   9.1062602e-01
   9.1062602e-01
   9.1388107e-01
   9.1388107e-01
   9.1388107e-01
   9.1808608e-01
   9.2422758e-01
   9.2422758e-01
   9.2422758e-01
   9.2422758e-01
   9.2422758e-01
   9.2422758e-01
   9.2657597e-01
   9.2657597e-01
   9.2657597e-01
   9.2657597e-01
   9.2657597e-01
   9.2657597e-01
   9.2657597e-01
   9.2657597e-01
   9.2657597e-01
   9.3005020e-01
   9.3465299e-01
   9.3465299e-01
   9.3465299e-01
   9.3465299e-01
   9.3465299e-01
   9.4438189e-01
   9.4438189e-01
   9.4438189e-01
   9.4438189e-01
   9.4723702e-01
   9.4865536e-01
   9.4865536e-01
   9.5121380e-01
   9.5106707e-01
   9.5106707e-01
   9.5106707e-01
   9.5106707e-01
   9.5106707e-01
   9.5106707e-01
   9.5480179e-01
   9.5480179e-01
   9.5830094e-01
   9.5830094e-01
   9.5830094e-01
   9.5830094e-01
   9.5830094e-01
   9.6178703e-01
   9.6178703e-01
   9.6412200e-01
   9.6412200e-01
   9.6412200e-01
   9.6551119e-01
   9.6551119e-01
   9.6551119e-01
   9.6960200e-01
   9.6960200e-01
   9.6960200e-01
   9.6960200e-01
   9.6960200e-01
   9.6960200e-01
   9.6960200e-01
   9.7118004e-01
   9.7118004e-01
   9.7118004e-01
   9.7118004e-01
   9.7118004e-01
   9.7118004e-01
   9.7118004e-01
   9.7118004e-01
   9.7118004e-01
   9.7118004e-01
   9.7118004e-01
   9.7118004e-01
   9.7118004e-01
   9.7118004e-01
   9.7118004e-01
   9.7118004e-01
   9.7118004e-01
   9.7118004e-01
   9.7377805e-01
   9.7377805e-01
   9.7433530e-01
   9.7433530e-01
   9.7433530e-01
   9.7433530e-01
   9.7433530e-01
   9.7520827e-01
   9.7520827e-01
   9.7658331e-01
   9.7658331e-01
   9.7658331e-01
   9.7658331e-01
   9.7658331e-01
   9.7658331e-01
   9.7658331e-01
   9.7658331e-01
   9.7658331e-01
   9.7658331e-01
   9.7733037e-01
   9.7952484e-01
   9.7952484e-01
   9.8220078e-01
   9.8311093e-01
   9.8311093e-01
   9.8311093e-01
   9.8376040e-01
   9.8376040e-01
   9.8459169e-01
   9.8459169e-01
   9.8459169e-01
   9.8459169e-01
   9.8459169e-01
   9.8459169e-01
   9.8459169e-01
   9.8459169e-01
   9.8459169e-01
   9.8550302e-01
   9.8550302e-01
   9.8550302e-01
   9.8550302e-01
   9.8550302e-01
   9.8550302e-01
   9.8550302e-01
   9.8550302e-01
   9.8683204e-01
   9.8683204e-01
   9.8683204e-01
   9.8863742e-01
   9.8863742e-01
   9.8863742e-01
   9.8863742e-01
   9.8863742e-01
   9.8863742e-01
   9.8904331e-01
   9.8904331e-01
   9.9248474e-01
   9.9288458e-01
   9.9288458e-01
   9.9688074e-01
   9.9688074e-01
   9.9688074e-01
   9.9713455e-01
   9.9713455e-01
   9.9949627e-01
   9.9942005e-01
   9.9942005e-01
   9.9942005e-01
   9.9942005e-01
   9.9942005e-01
   9.9942005e-01
   9.9942005e-01
   9.9942005e-01
   9.9942005e-01
   9.9942005e-01
   9.9942005e-01
   9.9942005e-01
   9.9942005e-01
   9.9942005e-01
   9.9942005e-01
   9.9942005e-01
   9.9942005e-01
   9.9942005e-01
   9.9942005e-01
   9.9942005e-01
   9.9942005e-01
   9.9942005e-01
   9.9942005e-01
   1.0000293e+00
   1.0000293e+00
   1.0000293e+00
   1.0000293e+00
   1.0000293e+00
   1.0000293e+00
   1.0000293e+00
   1.0000293e+00
   1.0000293e+00
   1.0000293e+00
   1.0000293e+00
   1.0000293e+00
   1.0000293e+00
   1.0000293e+00
   1.0000293e+00
   1.0009962e+00
   1.0009962e+00
   1.0009962e+00
   1.0009962e+00
   1.0009962e+00
   1.0009962e+00
   1.0009962e+00
   1.0009962e+00
   1.0009962e+00
   1.0009962e+00
   1.0009962e+00
   1.0009962e+00
   1.0009962e+00
   1.0009962e+00
   1.0009962e+00
   1.0009962e+00
   1.0009962e+00
   1.0009962e+00
   1.0009962e+00
   1.0009962e+00
   1.0009962e+00
   1.0009962e+00
   1.0009962e+00
   1.0009962e+00
   1.0009962e+00
   1.0009962e+00
   1.0009962e+00
   1.0009962e+00
   1.0009962e+00
   1.0009962e+00
   1.0009962e+00
   1.0009962e+00
   1.0009962e+00
   1.0009962e+00
   1.0009962e+00
   1.0009962e+00
   1.0009962e+00
   1.0009962e+00
   1.0009962e+00
   1.0009962e+00
   1.0009962e+00
   1.0009962e+00
   1.0009962e+00
   1.0009962e+00
   1.0009962e+00
   1.0009962e+00
   1.0009962e+00
   1.0009962e+00
   1.0009962e+00
   1.0009962e+00
   1.0009962e+00
   1.0009962e+00
   1.0009962e+00
   1.0009962e+00
   1.0009962e+00
   1.0009962e+00
   1.0009962e+00
   1.0009962e+00
   1.0009962e+00
   1.0009962e+00
   1.0009962e+00
   1.0009962e+00
   1.0009962e+00
   1.0009962e+00
   1.0009962e+00
   1.0009962e+00
   1.0009962e+00
   1.0009962e+00
   1.0009962e+00
   1.0009962e+00
   1.0009962e+00
   1.0009962e+00
   1.0009962e+00
   1.0009962e+00
   1.0009962e+00
   1.0009962e+00
   1.0009962e+00
   1.0009962e+00
   1.0009962e+00
   1.0009962e+00
   1.0009962e+00
   1.0009962e+00
   1.0009962e+00
   1.0009962e+00
   1.0009962e+00
   1.0009962e+00
   1.0009962e+00
   1.0009962e+00
   1.0009962e+00
   1.0009962e+00
   1.0009962e+00
   1.0009962e+00
   1.0009962e+00
   1.0009962e+00
   1.0009962e+00
   1.0009962e+00
   1.0009962e+00
   1.0009962e+00
   1.0009962e+00
   1.0009962e+00
   1.0009962e+00
   1.0009962e+00
   1.0009962e+00
   1.0009962e+00
   1.0009962e+00
   1.0009962e+00
   1.0009962e+00
   1.0009962e+00
   1.0009962e+00
   1.0009962e+00
   1.0009962e+00
   1.0009962e+00
   1.0009962e+00
   1.0009962e+00
   1.0009962e+00
   1.0009962e+00
   1.0009962e+00
   1.0009962e+00
   1.0009962e+00
   1.0009962e+00
   1.0009962e+00
   1.0009962e+00
   1.0009962e+00
   1.0009962e+00
   1.0009962e+00
   1.0009962e+00
   1.0009962e+00
   1.0009962e+00
   1.0009962e+00
   1.0009962e+00
   1.0009962e+00
   1.0009962e+00
   1.0009962e+00
   1.0009962e+00
   1.0009962e+00
   1.0009962e+00
   1.0009962e+00
   1.0009962e+00
   1.0009962e+00
   1.0009962e+00
   1.0009962e+00
   1.0009962e+00
   1.0009962e+00
   1.0009962e+00
   1.0009962e+00
   1.0009962e+00
   1.0009962e+00
   1.0009962e+00
   1.0009962e+00
   1.0009962e+00
   1.0009962e+00
   1.0009962e+00
   1.0009962e+00
   1.0009962e+00
   1.0009962e+00
   1.0009962e+00
   1.0009962e+00
   1.0009962e+00
   1.0009962e+00
   1.0009962e+00
   1.0009962e+00
   1.0009962e+00
   1.0009962e+00
   1.0009962e+00
   1.0009962e+00
   1.0009962e+00
   1.0009962e+00
   1.0009962e+00
   1.0009962e+00
   1.0009962e+00
   1.0009962e+00
   1.0009962e+00
   1.0009962e+00
   1.0009962e+00
   1.0009962e+00
   1.0009962e+00
   1.0009962e+00
   1.0009962e+00
   1.0009962e+00
   1.0009962e+00
   1.0009962e+00
   1.0009962e+00
   1.0009962e+00
   1.0009962e+00
   1.0009962e+00
   1.0009962e+00
   1.0009962e+00
   1.0009962e+00
   1.0009962e+00
   1.0009962e+00
   1.0009962e+00
   1.0009962e+00
   1.0009962e+00
   1.0009962e+00
   1.0009962e+00
   1.0009962e+00
   1.0009962e+00
   1.0009962e+00
   1.0009962e+00
   1.0009962e+00
   1.0009962e+00
   1.0009962e+00
   1.0009962e+00
   1.0009962e+00
   1.0009962e+00
   1.0009962e+00
   1.0009962e+00
   1.0009962e+00
   1.0009962e+00
   1.0009962e+00
   1.0009962e+00
   1.0009962e+00
   1.0009962e+00
   1.0009962e+00
   1.0009962e+00
   1.0009962e+00
   1.0009962e+00
   1.0009962e+00
   1.0009962e+00
   1.0009962e+00
   1.0009962e+00
   1.0009962e+00
   1.0009962e+00
   1.0009962e+00
   1.0009962e+00
   1.0009962e+00
   1.0009962e+00
   1.0009962e+00
   1.0009962e+00
   1.0009962e+00
   1.0009962e+00
   1.0009962e+00
   1.0009962e+00
   1.0009962e+00
   1.0009962e+00
   1.0009962e+00
   1.0009962e+00
   1.0009962e+00
   1.0009962e+00
   1.0009962e+00
   1.0009962e+00
   1.0009962e+00
   1.0009962e+00
   1.0009962e+00
   1.0009962e+00
   1.0009962e+00
   1.0009962e+00
   1.0009962e+00
   1.0009962e+00
   1.0009962e+00
   1.0009962e+00
   1.0009962e+00
   1.0009962e+00
   1.0009962e+00
   1.0009962e+00
   1.0009962e+00
   1.0009962e+00
   1.0009962e+00
   1.0009962e+00
   1.0009962e+00
   1.0009962e+00
   1.0009962e+00
   1.0009962e+00
   1.0009962e+00
   1.0009962e+00
   1.0009962e+00
   1.0009962e+00
   1.0009962e+00
   1.0009962e+00
   1.0009962e+00
   1.0009962e+00
   1.0009962e+00
   1.0009962e+00
   1.0009962e+00
   1.0009962e+00
   1.0009962e+00
   1.0009962e+00
   1.0009962e+00
   1.0009962e+00
   1.0009962e+00
   1.0009962e+00
   1.0009962e+00
   1.0009962e+00
   1.0009962e+00
   1.0009962e+00
   1.0009962e+00
   1.0009962e+00
   1.0009962e+00
   1.0009962e+00
   1.0009962e+00
   1.0009962e+00
   1.0009962e+00
   1.0009962e+00
   1.0009962e+00
   1.0009962e+00
   1.0009962e+00
   1.0009962e+00
   1.0009962e+00
   1.0009962e+00
   1.0009962e+00
   1.0009962e+00
   1.0009962e+00
   1.0009962e+00
   1.0009962e+00
   1.0009962e+00
   1.0009962e+00
   1.0009962e+00
   1.0009962e+00
   1.0009962e+00
   1.0009962e+00
   1.0009962e+00
   1.0009962e+00
   1.0009962e+00
   1.0009962e+00
   1.0009962e+00
   1.0009962e+00
   1.0009962e+00
   1.0009962e+00
   1.0009962e+00
   1.0009962e+00
   1.0009962e+00
   1.0009962e+00
   1.0009962e+00
   1.0009962e+00
   1.0009962e+00
   1.0009962e+00
   1.0009962e+00
   1.0009962e+00
   1.0009962e+00
   1.0009962e+00
   1.0009962e+00
   1.0009962e+00
   1.0009962e+00
   1.0009962e+00
   1.0009962e+00
   1.0009962e+00
   1.0009962e+00
   1.0009962e+00
   1.0009962e+00
   1.0009962e+00
   1.0009962e+00
   1.0009962e+00
   1.0009962e+00
   1.0009962e+00
   1.0009962e+00
   1.0009962e+00
   1.0009962e+00
   1.0009962e+00
   1.0009962e+00
   1.0009962e+00
   1.0009962e+00
   1.0009962e+00
   1.0009962e+00
   1.0009962e+00
   1.0009962e+00
   1.0009962e+00
   1.0009962e+00
   1.0009962e+00
   1.0009962e+00
   1.0009962e+00
   1.0009962e+00
   1.0009962e+00
   1.0009962e+00
   1.0009962e+00
   1.0009962e+00
   1.0009962e+00
   1.0009962e+00
   1.0009962e+00
   1.0009962e+00
   1.0009962e+00
   1.0009962e+00
   1.0009962e+00
   1.0009962e+00
   1.0009962e+00
   1.0009962e+00
   1.0009962e+00
   1.0009962e+00
   1.0009962e+00
   1.0009962e+00
   1.0009962e+00
   1.0009962e+00
   1.0009962e+00
   1.0009962e+00
   1.0009962e+00
   1.0009962e+00
   1.0009962e+00
   1.0009962e+00
   1.0009962e+00
   1.0009962e+00
   1.0009962e+00
   1.0009962e+00
   1.0009962e+00
   1.0009962e+00
   1.0009962e+00
   1.0009962e+00
   1.0009962e+00
   1.0009962e+00
   1.0009962e+00
   1.0009962e+00
   1.0009962e+00
   1.0009962e+00
   1.0009962e+00
   1.0009962e+00
   1.0009962e+00
   1.0009962e+00
   1.0009962e+00
   1.0009962e+00
   1.0009962e+00
   1.0009962e+00
   1.0009962e+00
   1.0009962e+00
   1.0009962e+00
   1.0009962e+00
   1.0009962e+00
   1.0009962e+00
   1.0009962e+00
   1.0009962e+00
   1.0009962e+00
   1.0009962e+00
   1.0009962e+00
   1.0009962e+00
   1.0009962e+00
   1.0009962e+00
   1.0009962e+00
   1.0009962e+00
   1.0009962e+00
   1.0009962e+00
   1.0009962e+00
   1.0009962e+00
   1.0009962e+00
   1.0009962e+00
   1.0009962e+00
   1.0009962e+00
   1.0009962e+00
   1.0009962e+00
   1.0009962e+00
   1.0009962e+00
   1.0009962e+00
   1.0009962e+00
   1.0009962e+00
   1.0009962e+00
   1.0009962e+00
   1.0009962e+00
   1.0009962e+00
   1.0009962e+00
   1.0009962e+00
   1.0009962e+00
   1.0009962e+00
   1.0009962e+00
   1.0009962e+00
   1.0009962e+00
   1.0009962e+00
   1.0009962e+00
   1.0009962e+00
   1.0009962e+00
   1.0009962e+00
   1.0009962e+00
   1.0009962e+00
   1.0009962e+00
   1.0009962e+00
   1.0009962e+00
   1.0009962e+00
   1.0009962e+00
   1.0009962e+00
   1.0009962e+00
   1.0009962e+00
   1.0009962e+00
   1.0009962e+00
   1.0009962e+00
   1.0009962e+00
   1.0009962e+00
   1.0009962e+00
   1.0009962e+00
   1.0009962e+00
   1.0009962e+00
   1.0009962e+00
   1.0009962e+00
   1.0009962e+00
   1.0009962e+00
   1.0009962e+00
   1.0009962e+00
   1.0009962e+00
   1.0009962e+00
   1.0009962e+00
   1.0009962e+00
   1.0009962e+00
   1.0009962e+00
   1.0009962e+00
   1.0009962e+00
   1.0009962e+00
   1.0009962e+00
   1.0009962e+00
   1.0009962e+00
   1.0009962e+00
   1.0009962e+00
   1.0009962e+00
   1.0009962e+00
   1.0009962e+00
   1.0009962e+00
   1.0009962e+00
   1.0009962e+00
   1.0009962e+00
   1.0009962e+00
   1.0009962e+00
   1.0009962e+00
   1.0009962e+00
   1.0009962e+00
   1.0009962e+00
   1.0009962e+00
   1.0009962e+00
   1.0009962e+00
   1.0009962e+00
   1.0009962e+00
   1.0009962e+00
   1.0009962e+00
   1.0009962e+00
   1.0009962e+00
   1.0009962e+00
   1.0009962e+00
   1.0009962e+00
   1.0009962e+00
   1.0009962e+00
   1.0009962e+00
   1.0009962e+00
   1.0009962e+00
   1.0009962e+00
   1.0009962e+00
   1.0009962e+00
   1.0009962e+00
   1.0009962e+00
   1.0009962e+00
   1.0009962e+00
   1.0009962e+00
   1.0009962e+00
   1.0009962e+00
   1.0009962e+00
   1.0009962e+00
   1.0009962e+00
   1.0009962e+00
   1.0009962e+00
   1.0009962e+00
   1.0009962e+00
   1.0009962e+00
   1.0009962e+00
   1.0009962e+00
   1.0009962e+00
   1.0009962e+00
   1.0009962e+00
   1.0009962e+00
   1.0009962e+00
   1.0009962e+00
   1.0009962e+00
   1.0009962e+00
   1.0009962e+00
   1.0009962e+00
   1.0009962e+00
   1.0009962e+00
   1.0009962e+00
   1.0009962e+00
   1.0009962e+00
   1.0009962e+00
   1.0009962e+00
   1.0009962e+00
   1.0009962e+00
   1.0009962e+00
   1.0009962e+00
   1.0009962e+00
   1.0009962e+00
   1.0009962e+00
   1.0009962e+00
   1.0009962e+00
   1.0009962e+00
   1.0009962e+00
   1.0009962e+00
   1.0009962e+00
   1.0009962e+00
   1.0009962e+00
   1.0009962e+00
   1.0009962e+00
   1.0009962e+00
   1.0009962e+00
   1.0009962e+00
   1.0009962e+00
   1.0009962e+00
   1.0009962e+00
   1.0009962e+00
   1.0009962e+00
   1.0009962e+00
   1.0009962e+00
   1.0009962e+00
   1.0009962e+00
   1.0009962e+00
   1.0009962e+00
   1.0009962e+00
   1.0009962e+00
   1.0009962e+00
   1.0009962e+00
   1.0009962e+00
   1.0009962e+00
   1.0009962e+00
   1.0009962e+00
   1.0009962e+00
   1.0009962e+00
   1.0009962e+00
   1.0009962e+00
   1.0009962e+00
   1.0009962e+00
   1.0009962e+00
   1.0009962e+00
   1.0009962e+00
   1.0009962e+00
   1.0009962e+00
   1.0009962e+00
   1.0009962e+00
   1.0009962e+00
   1.0009962e+00
   1.0009962e+00
   1.0009962e+00
   1.0009962e+00
   1.0009962e+00
   1.0009962e+00
   1.0009962e+00
   1.0009962e+00
   1.0009962e+00
   1.0009962e+00
   1.0009962e+00
   1.0009962e+00
   1.0009962e+00
   1.0009962e+00
   1.0009962e+00
   1.0009962e+00
   1.0009962e+00
   1.0009962e+00
   1.0009962e+00
   1.0009962e+00
   1.0009962e+00
   1.0009962e+00
   1.0009962e+00
   1.0009962e+00
   1.0009962e+00
   1.0009962e+00
   1.0009962e+00
   1.0009962e+00
   1.0009962e+00
   1.0009962e+00
   1.0009962e+00
   1.0009962e+00
   1.0009962e+00
   1.0009962e+00
   1.0009962e+00
   1.0009962e+00
   1.0009962e+00
   1.0009962e+00
   1.0009962e+00
   1.0009962e+00
   1.0009962e+00
   1.0009962e+00
   1.0009962e+00
   1.0009962e+00
   1.0009962e+00
   1.0009962e+00
   1.0009962e+00
   1.0009962e+00
   1.0009962e+00
   1.0009962e+00
   1.0009962e+00
   1.0009962e+00
   1.0009962e+00
   1.0009962e+00
   1.0009962e+00
   1.0009962e+00
   1.0009962e+00
   1.0009962e+00
   1.0009962e+00
   1.0009962e+00
   1.0009962e+00
   1.0009962e+00
   1.0009962e+00
   1.0009962e+00
   1.0009962e+00
   1.0009962e+00
   1.0009962e+00
   1.0009962e+00
   1.0009962e+00
   1.0009962e+00
   1.0009962e+00
   1.0009962e+00
   1.0009962e+00
   1.0009962e+00
   1.0009962e+00
   1.0009962e+00
   1.0009962e+00
   1.0009962e+00
   1.0009962e+00
   1.0009962e+00
   1.0009962e+00
   1.0009962e+00
   1.0009962e+00
   1.0009962e+00
   1.0009962e+00
   1.0009962e+00
   1.0009962e+00
   1.0009962e+00
   1.0009962e+00
   1.0009962e+00
   1.0009962e+00
   1.0009962e+00
   1.0009962e+00
   1.0009962e+00
   1.0009962e+00
   1.0009962e+00
   1.0009962e+00
   1.0009962e+00
   1.0009962e+00
   1.0009962e+00
   1.0009962e+00
   1.0009962e+00
   1.0009962e+00
   1.0009962e+00
   1.0009962e+00
   1.0009962e+00
   1.0009962e+00
   1.0009962e+00
   1.0009962e+00
   1.0009962e+00
   1.0009962e+00
   1.0009962e+00
   1.0009962e+00
   1.0009962e+00
   1.0009962e+00
   1.0009962e+00
   1.0009962e+00
   1.0009962e+00
   1.0009962e+00
   1.0009962e+00
   1.0009962e+00
   1.0009962e+00
   1.0009962e+00
   1.0009962e+00
   1.0009962e+00
   1.0009962e+00
   1.0009962e+00
   1.0009962e+00
   1.0009962e+00
   1.0009962e+00
   1.0009962e+00
   1.0009962e+00
   1.0009962e+00
   1.0009962e+00
   1.0009962e+00
   1.0009962e+00
   1.0009962e+00
   1.0009962e+00
   1.0009962e+00
   1.0009962e+00
   1.0009962e+00
   1.0009962e+00
   1.0009962e+00
   1.0009962e+00
   1.0009962e+00
   1.0009962e+00
   1.0009962e+00
   1.0009962e+00
   1.0009962e+00
   1.0009962e+00
   1.0009962e+00
   1.0009962e+00
   1.0009962e+00
   1.0009962e+00
   1.0009962e+00
   1.0009962e+00
   1.0009962e+00
   1.0009962e+00
   1.0009962e+00
   1.0009962e+00
   1.0009962e+00
   1.0009962e+00
   1.0009962e+00
   1.0009962e+00
   1.0009962e+00
   1.0009962e+00
   1.0009962e+00
   1.0009962e+00
   1.0009962e+00
   1.0009962e+00
   1.0009962e+00
   1.0009962e+00
   1.0009962e+00
   1.0009962e+00
   1.0009962e+00
   1.0009962e+00
   1.0009962e+00
   1.0009962e+00
   1.0009962e+00
   1.0009962e+00
   1.0009962e+00
   1.0009962e+00
   1.0009962e+00
   1.0009962e+00
   1.0009962e+00
   1.0009962e+00
   1.0009962e+00
   1.0009962e+00
   1.0009962e+00
   1.0009962e+00
   1.0009962e+00
   1.0009962e+00
   1.0009962e+00
   1.0009962e+00
   1.0009962e+00
   1.0009962e+00
   1.0009962e+00
   1.0009962e+00
   1.0009962e+00
   1.0009962e+00
   1.0009962e+00
   1.0009962e+00
   1.0009962e+00
   1.0009962e+00
   1.0009962e+00
   1.0009962e+00
   1.0009962e+00
   1.0009962e+00
   1.0009962e+00
   1.0009962e+00
   1.0009962e+00
   1.0009962e+00
   1.0009962e+00
   1.0009962e+00
   1.0009962e+00
   1.0009962e+00
   1.0009962e+00
   1.0009962e+00
   1.0009962e+00
   1.0009962e+00
   1.0009962e+00
   1.0009962e+00
   1.0009962e+00
   1.0009962e+00
   1.0009962e+00
   1.0009962e+00
   1.0009962e+00
   1.0009962e+00
   1.0009962e+00
   1.0009962e+00
   1.0009962e+00
   1.0009962e+00
   1.0009962e+00
   1.0009962e+00
   1.0009962e+00
   1.0009962e+00
   1.0009962e+00
   1.0009962e+00
   1.0009962e+00
   1.0009962e+00
   1.0009962e+00
   1.0009962e+00
   1.0009962e+00
   1.0009962e+00
   1.0009962e+00
   1.0009962e+00
   1.0009962e+00
   1.0009962e+00
   1.0009962e+00
   1.0009962e+00
   1.0009962e+00
   1.0009962e+00
   1.0009962e+00
   1.0009962e+00
   1.0009962e+00
   1.0009962e+00
   1.0009962e+00
   1.0009962e+00
   1.0009962e+00
   1.0009962e+00
   1.0009962e+00
   1.0009962e+00
   1.0009962e+00
   1.0009962e+00
   1.0009962e+00
   1.0009962e+00
   1.0009962e+00
   1.0009962e+00
   1.0009962e+00
   1.0009962e+00
   1.0009962e+00
   1.0009962e+00
   1.0009962e+00
   1.0009962e+00
   1.0009962e+00
   1.0009962e+00
   1.0009962e+00
   1.0009962e+00
   1.0009962e+00
   1.0009962e+00
   1.0009962e+00
   1.0009962e+00
   1.0009962e+00
   1.0009962e+00
   1.0009962e+00
   1.0009962e+00
   1.0009962e+00
   1.0009962e+00
   1.0009962e+00
   1.0009962e+00
   1.0009962e+00
   1.0009962e+00
   1.0009962e+00
   1.0009962e+00
   1.0009962e+00
   1.0009962e+00
   1.0009962e+00
   1.0009962e+00
   1.0009962e+00
   1.0009962e+00
   1.0009962e+00
   1.0009962e+00
   1.0009962e+00
   1.0009962e+00
   1.0009962e+00
   1.0009962e+00
   1.0009962e+00
   1.0009962e+00
   1.0009962e+00
   1.0009962e+00
   1.0009962e+00
   1.0009962e+00
   1.0009962e+00
   1.0009962e+00
   1.0009962e+00
   1.0009962e+00
   1.0009962e+00
   1.0009962e+00
   1.0009962e+00
   1.0009962e+00
   1.0009962e+00
   1.0009962e+00
   1.0009962e+00
   1.0009962e+00
   1.0009962e+00
   1.0009962e+00
   1.0009962e+00
   1.0009962e+00
   1.0009962e+00
   1.0009962e+00
   1.0009962e+00
   1.0009962e+00
   1.0009962e+00
   1.0009962e+00
   1.0009962e+00
   1.0009962e+00
   1.0009962e+00
   1.0009962e+00
   1.0009962e+00
   1.0009962e+00
   1.0009962e+00
   1.0009962e+00
   1.0009962e+00
   1.0009962e+00
   1.0009962e+00
   1.0009962e+00
   1.0009962e+00
   1.0009962e+00
   1.0009962e+00
   1.0009962e+00
   1.0009962e+00
   1.0009962e+00
   1.0009962e+00
   1.0009962e+00
   1.0009962e+00
   1.0009962e+00
   1.0009962e+00
   1.0009962e+00
   1.0009962e+00
   1.0009962e+00
   1.0009962e+00
   1.0009962e+00
   1.0009962e+00
   1.0009962e+00
   1.0009962e+00
   1.0009962e+00
   1.0009962e+00
   1.0009962e+00
   1.0009962e+00
   1.0009962e+00
   1.0009962e+00
   1.0009962e+00
   1.0009962e+00
   1.0009962e+00
   1.0009962e+00
   1.0009962e+00
   1.0009962e+00
   1.0009962e+00
   1.0009962e+00
   1.0009962e+00
   1.0009962e+00
   1.0009962e+00
   1.0009962e+00
   1.0009962e+00
   1.0009962e+00
   1.0009962e+00
   1.0009962e+00
   1.0009962e+00
   1.0009962e+00
   1.0009962e+00
   1.0009962e+00
   1.0009962e+00
   1.0009962e+00
   1.0009962e+00
   1.0009962e+00
   1.0009962e+00
   1.0009962e+00
   1.0009962e+00
   1.0009962e+00
   1.0009962e+00
   1.0009962e+00
   1.0009962e+00
   1.0009962e+00
   1.0009962e+00
   1.0009962e+00
   1.0009962e+00
   1.0009962e+00
   1.0009962e+00
   1.0009962e+00
   1.0009962e+00
   1.0009962e+00
   1.0009962e+00
   1.0009962e+00
   1.0009962e+00
   1.0009962e+00
   1.0009962e+00
   1.0009962e+00
   1.0009962e+00
   1.0009962e+00
   1.0009962e+00
   1.0009962e+00
   1.0009962e+00
   1.0009962e+00
   1.0009962e+00
   1.0009962e+00
   1.0009962e+00
   1.0009962e+00
   1.0009962e+00
   1.0009962e+00
   1.0009962e+00
   1.0009962e+00
   1.0009962e+00
   1.0009962e+00
   1.0009962e+00
   1.0009962e+00
   1.0009962e+00
   1.0009962e+00
   1.0009962e+00
   1.0009962e+00
   1.0009962e+00
   1.0009962e+00
   1.0009962e+00
   1.0009962e+00
   1.0009962e+00
   1.0009962e+00
   1.0009962e+00
   1.0009962e+00
   1.0009962e+00
   1.0009962e+00
   1.0009962e+00
   1.0009962e+00
   1.0009962e+00
   1.0009962e+00
   1.0009962e+00
   1.0009962e+00
   1.0009962e+00
   1.0009962e+00
   1.0009962e+00
   1.0009962e+00
   1.0009962e+00
   1.0009962e+00
   1.0009962e+00
   1.0009962e+00
   1.0009962e+00
   1.0009962e+00
   1.0009962e+00
   1.0009962e+00
   1.0009962e+00
   1.0009962e+00
   1.0009962e+00
   1.0009962e+00
   1.0009962e+00
   1.0009962e+00
   1.0009962e+00
   1.0009962e+00
   1.0009962e+00
   1.0009962e+00
   1.0009962e+00
   1.0009962e+00
   1.0009962e+00
   1.0009962e+00
   1.0009962e+00
   1.0009962e+00
   1.0009962e+00
   1.0009962e+00
   1.0009962e+00
   1.0009962e+00
   1.0009962e+00
   1.0009962e+00
   1.0009962e+00
   1.0009962e+00
   1.0009962e+00
   1.0009962e+00
   1.0009962e+00
   1.0009962e+00
   1.0009962e+00
   1.0009962e+00
   1.0009962e+00
   1.0009962e+00
   1.0009962e+00
   1.0009962e+00
   1.0009962e+00
   1.0009962e+00
   1.0009962e+00
   1.0009962e+00
   1.0009962e+00
   1.0009962e+00
   1.0009962e+00
   1.0009962e+00
   1.0009962e+00
   1.0009962e+00
   1.0009962e+00
   1.0009962e+00
   1.0009962e+00
   1.0009962e+00
   1.0009962e+00
   1.0009962e+00
   1.0009962e+00
   1.0009962e+00
   1.0009962e+00
   1.0009962e+00
   1.0009962e+00
   1.0009962e+00
   1.0009962e+00
   1.0009962e+00
   1.0009962e+00
   1.0009962e+00
   1.0009962e+00
   1.0009962e+00
   1.0009962e+00
   1.0009962e+00
   1.0009962e+00
   1.0009962e+00
   1.0009962e+00
   1.0009962e+00
   1.0009962e+00
   1.0009962e+00
   1.0009962e+00
   1.0009962e+00
   1.0009962e+00
   1.0009962e+00
   1.0009962e+00
   1.0009962e+00
   1.0009962e+00
   1.0009962e+00
   1.0009962e+00
   1.0009962e+00
   1.0009962e+00
   1.0009962e+00
   1.0009962e+00
   1.0009962e+00
   1.0009962e+00
   1.0009962e+00
   1.0009962e+00
   1.0009962e+00
   1.0009962e+00
   1.0009962e+00
   1.0009962e+00
   1.0009962e+00
   1.0009962e+00
   1.0009962e+00
   1.0009962e+00
   1.0009962e+00
   1.0009962e+00
   1.0009962e+00
   1.0009962e+00
   1.0009962e+00
   1.0009962e+00
   1.0009962e+00
   1.0009962e+00
   1.0009962e+00
   1.0009962e+00
   1.0009962e+00
   1.0009962e+00
   1.0009962e+00
   1.0009962e+00
   1.0009962e+00
   1.0009962e+00
   1.0009962e+00
   1.0009962e+00
   1.0009962e+00
   1.0009962e+00
   1.0009962e+00
   1.0009962e+00
   1.0009962e+00
   1.0009962e+00
   1.0009962e+00
   1.0009962e+00
   1.0009962e+00
   1.0009962e+00
   1.0009962e+00
   1.0009962e+00
   1.0009962e+00
   1.0009962e+00
   1.0009962e+00
   1.0009962e+00
   1.0009962e+00
   1.0009962e+00
   1.0009962e+00
   1.0009962e+00
   1.0009962e+00
   1.0009962e+00
   1.0009962e+00
   1.0009962e+00
   1.0009962e+00
   1.0009962e+00
   1.0009962e+00
   1.0009962e+00
   1.0009962e+00
   1.0009962e+00
   1.0009962e+00
   1.0009962e+00
   1.0009962e+00
   1.0009962e+00
   1.0009962e+00
   1.0009962e+00
   1.0009962e+00
   1.0009962e+00
   1.0009962e+00
   1.0009962e+00
   1.0009962e+00
   1.0009962e+00
   1.0009962e+00
   1.0009962e+00
   1.0009962e+00
   1.0009962e+00
   1.0009962e+00
   1.0009962e+00
   1.0009962e+00
   1.0009962e+00
   1.0009962e+00
   1.0009962e+00
   1.0009962e+00
   1.0009962e+00
   1.0009962e+00
   1.0009962e+00
   1.0009962e+00
